     0/299        0G   0.09224   0.03971         0     0.132       207       416   0.00682   0.02334 0.0002099 2.843e-05    0.1235    0.2291         0
     1/299        0G   0.08727     0.041         0    0.1283       260       416  0.007884   0.02873 0.0002669 3.896e-05    0.1226    0.2353         0
     2/299        0G   0.08544   0.04251         0     0.128       286       416   0.01193    0.0377 0.0006708 0.0001336    0.1219    0.2434         0
     3/299        0G   0.08636   0.04149         0    0.1279       284       416  0.008985   0.02693 0.0003245 5.194e-05    0.1209    0.2568         0
     4/299        0G   0.08904   0.04304         0    0.1321       604       416  0.009539   0.03411 0.0004238 7.394e-05    0.1193    0.2743         0
     5/299        0G   0.08392   0.04279         0    0.1267       269       416   0.01412   0.04488  0.005653 0.0006016    0.1213    0.2622         0
     6/299        0G   0.08263   0.04266         0    0.1253       248       416   0.02487   0.07899  0.003997 0.0008803    0.1222    0.2485         0
     7/299        0G   0.08217   0.04285         0     0.125       109       416   0.06496   0.09928    0.0107  0.002072     0.122    0.2534         0
     8/299        0G   0.08149   0.03959         0    0.1211       209       416    0.1103    0.1167     0.029  0.005245    0.1214    0.2495         0
     9/299        0G   0.07825   0.04785         0    0.1261       189       416    0.1596    0.2047   0.06431   0.01289    0.1207     0.252         0
    10/299        0G   0.07345   0.04119         0    0.1146       334       416    0.2682    0.2047    0.1017   0.02059    0.1208    0.2472         0
    11/299        0G   0.07465   0.04252         0    0.1172       234       416    0.3176    0.2083    0.1295   0.02771    0.1232    0.2508         0
    12/299        0G   0.07656   0.04423         0    0.1208       513       416    0.3361    0.2801    0.1767   0.04014    0.1225    0.2437         0
    13/299        0G   0.06884   0.03937         0    0.1082       264       416    0.3064    0.2944     0.169    0.0417    0.1248    0.2515         0
    14/299        0G   0.06509   0.04648         0    0.1116       373       416    0.2793    0.3618    0.1844   0.04536    0.1245      0.24         0
    15/299        0G   0.06359   0.03548         0   0.09906        98       416    0.3928    0.3734    0.2586   0.06582    0.1284    0.2153         0
    16/299        0G   0.06184   0.04606         0    0.1079       384       416    0.4795    0.3447    0.2934   0.06761    0.1296    0.2306         0
    17/299        0G   0.07083   0.04325         0    0.1141       257       416    0.3883    0.3016    0.2126   0.04583    0.1276    0.2265         0
    18/299        0G   0.06109   0.04781         0    0.1089       339       416    0.4695     0.377    0.3415    0.0902    0.1239    0.2344         0
    19/299        0G   0.06102   0.04544         0    0.1065        84       416    0.4552    0.3841    0.3304   0.08607    0.1235    0.2273         0
    20/299        0G   0.06045   0.04693         0    0.1074       136       416    0.3243    0.3716    0.2326   0.04953    0.1242    0.2077         0
    21/299        0G   0.06255   0.04805         0    0.1106       430       416    0.4796     0.325    0.2805   0.06802    0.1252    0.2011         0
    22/299        0G   0.06078   0.04753         0    0.1083       310       416    0.3182    0.4704    0.2635   0.06754    0.1248    0.2166         0
    23/299        0G   0.05894   0.05113         0    0.1101       196       416    0.3665    0.3573    0.2487   0.06239    0.1241    0.2295         0
    24/299        0G   0.05228   0.04272         0     0.095       290       416    0.1969    0.1724   0.08471    0.0188    0.1284    0.2234         0
    25/299        0G   0.05989   0.04776         0    0.1076       175       416    0.1916    0.1813   0.07165   0.01594     0.129    0.2163         0
    26/299        0G   0.05808   0.04652         0    0.1046       353       416    0.3486    0.4129    0.2915   0.07881    0.1391    0.2307         0
    27/299        0G    0.0561   0.04775         0    0.1038       180       416     0.419    0.3806    0.2963   0.07898    0.1403    0.2322         0
    28/299        0G   0.05557   0.04945         0     0.105       369       416    0.4462    0.3447    0.3018   0.07664    0.1293    0.2408         0
    29/299        0G     0.047   0.05015         0   0.09715       172       416    0.3892    0.4404    0.3064    0.1043    0.1272    0.2273         0
    30/299        0G   0.04732   0.04895         0   0.09628       231       416    0.3863    0.3788    0.2693   0.05756    0.1301    0.2197         0
    31/299        0G   0.05243    0.0596         0     0.112       375       416     0.383    0.4147    0.2989    0.0879    0.1272     0.214         0
    32/299        0G   0.05422   0.05547         0    0.1097       350       416    0.4007    0.4399    0.2976   0.06851    0.1281    0.2223         0
    33/299        0G   0.05199   0.04942         0    0.1014       317       416    0.3085    0.4273    0.2024   0.05915    0.1288    0.2224         0
    34/299        0G   0.05033   0.05001         0    0.1003       309       416    0.3522    0.4434    0.2822     0.069    0.1279    0.2257         0
    35/299        0G    0.0583   0.04932         0    0.1076       229       416    0.3417    0.3728    0.2609   0.08861     0.134    0.2073         0
    36/299        0G   0.04848   0.05251         0     0.101       379       416    0.4838    0.3788    0.3407    0.1155     0.132    0.1985         0
    37/299        0G   0.05385   0.05686         0    0.1107       210       416    0.3653    0.4327    0.3023    0.0668    0.1313    0.1904         0
    38/299        0G   0.05037   0.05582         0    0.1062       388       416    0.3662    0.3246    0.2401   0.06841    0.1317    0.1921         0
    39/299        0G   0.04624   0.05926         0    0.1055       274       416    0.4479    0.3573    0.3172    0.1012    0.1277     0.199         0
    40/299        0G   0.04684   0.06019         0     0.107       427       416    0.3765     0.386    0.2813   0.08319    0.1271     0.206         0
    41/299        0G   0.06201    0.0543         0    0.1163       308       416    0.3038    0.3878    0.2431   0.06093    0.1314    0.2006         0
    42/299        0G   0.05472   0.05269         0    0.1074       440       416     0.318     0.289    0.1991   0.04844    0.1285    0.1855         0
    43/299        0G   0.05235   0.05273         0    0.1051       339       416     0.318    0.3447    0.2046   0.03935    0.1286    0.1918         0
    44/299        0G   0.04784   0.06229         0    0.1101       339       416    0.3165    0.3641    0.2482   0.06303    0.1408    0.1756         0
    45/299        0G   0.04144   0.06008         0    0.1015       266       416    0.4618    0.3106    0.2978   0.09385    0.1408    0.1819         0
    46/299        0G   0.03765    0.0531         0   0.09075       210       416    0.4429    0.3285    0.3082   0.08611    0.1322    0.1801         0
    47/299        0G   0.04456   0.05197         0   0.09654       183       416    0.2774    0.3806    0.2143   0.05195    0.1305    0.1694         0
    48/299        0G    0.0425     0.059         0    0.1015       256       416    0.4219    0.4273    0.3556     0.119    0.1273    0.1866         0
    49/299        0G   0.05326   0.05755         0    0.1108       233       416    0.4082    0.4668    0.4134    0.1492    0.1295    0.1741         0
    50/299        0G   0.05575   0.05158         0    0.1073       256       416     0.435     0.298    0.2586   0.06939    0.1331    0.1746         0
    51/299        0G   0.04977   0.04248         0   0.09225       355       416    0.3652    0.2747    0.2333   0.04058    0.1394     0.185         0
    52/299        0G   0.04693   0.05046         0   0.09739       324       416    0.2798    0.2819     0.151   0.03579    0.1358     0.192         0
    53/299        0G    0.0477   0.06327         0     0.111       627       416    0.3181    0.3339    0.2263   0.06139    0.1422    0.2337         0
    54/299        0G   0.04694    0.0491         0   0.09604       172       416    0.3789    0.3088    0.2405   0.06853    0.1373    0.1802         0
    55/299        0G   0.04456   0.05034         0    0.0949        82       416     0.288    0.2962    0.1762   0.04765    0.1381    0.1887         0
    56/299        0G   0.04503   0.04717         0    0.0922       300       416    0.2275     0.246    0.1279   0.03856    0.1369    0.2309         0
    57/299        0G   0.04599   0.05451         0    0.1005       422       416    0.2096     0.289    0.1307   0.04346    0.1312    0.2566         0
    58/299        0G   0.06211   0.05408         0    0.1162       242       416    0.1772    0.1257    0.0578   0.01905    0.1358    0.2546         0
    59/299        0G   0.06137   0.05095         0    0.1123       154       416   0.07181    0.2621    0.0283    0.0083    0.1337    0.2579         0
    60/299        0G    0.0483    0.0472         0   0.09551       163       416   0.05964    0.1544   0.01238  0.003284    0.1386     0.206         0
    61/299        0G   0.05697   0.05535         0    0.1123       182       416   0.03644    0.1275  0.006023  0.001434    0.1416    0.1922         0
    62/299        0G   0.04624   0.05545         0    0.1017       367       416   0.09198    0.1095   0.03641  0.009199    0.1385    0.2161         0
    63/299        0G   0.04304   0.04788         0   0.09092       187       416    0.1541   0.09874    0.0365  0.009413    0.1371     0.239         0
    64/299        0G   0.05935   0.05146         0    0.1108       125       416   0.06089    0.1652   0.01681  0.002405    0.1422    0.1857         0
    65/299        0G   0.03773   0.04624         0   0.08397       328       416    0.1243    0.1867   0.04622   0.01057    0.1447    0.2098         0
    66/299        0G   0.04179   0.05429         0   0.09609       297       416     0.169    0.1634    0.0545   0.01265    0.1381    0.2033         0
    67/299        0G   0.04541   0.05645         0    0.1019       376       416    0.3016    0.1969    0.1447   0.03364     0.133    0.2323         0
    68/299        0G   0.04881   0.05089         0    0.0997       325       416   0.03402    0.1059  0.004867 0.0007855    0.1327    0.1873         0
    69/299        0G   0.05319   0.04646         0   0.09965       234       416   0.03402    0.1059  0.004867 0.0007855    0.1327    0.1873         0
    70/299        0G    0.0648   0.04765         0    0.1125       278       416   0.02326   0.07361  0.001972 0.0003265    0.1356    0.1687         0
    71/299        0G   0.05154    0.0489         0    0.1004       356       416         0         0         0         0    0.1583     1.202         0
    72/299        0G   0.04782    0.0543         0    0.1021       264       416    0.0117   0.01077 0.0003419 5.579e-05    0.1575     5.378         0
    73/299        0G   0.05411   0.05135         0    0.1055       394       416  0.004286   0.01616 9.437e-05 1.274e-05    0.1574     12.74         0
    74/299        0G   0.04877   0.05091         0   0.09968       310       416  0.004286   0.01616 9.437e-05 1.274e-05    0.1574     12.74         0
    75/299        0G   0.05248   0.04623         0   0.09871       196       416 0.0004762  0.001795 3.769e-06 1.507e-06    0.1605     6.066         0
    76/299        0G   0.04901   0.05226         0    0.1013       265       416  0.001429  0.005386 1.601e-05 3.289e-06    0.1604      8.02         0
    77/299        0G   0.04401   0.05347         0   0.09748       275       416  0.006457   0.01257 0.0001444 1.893e-05    0.1594     1.537         0
    78/299        0G   0.04448   0.05036         0   0.09484       255       416  0.007201   0.02693 0.0002295 3.343e-05     0.161    0.3444         0
    79/299        0G   0.04702   0.04727         0   0.09429       346       416  0.007201   0.02693 0.0002295 3.343e-05     0.161    0.3443         0
    80/299        0G   0.05815   0.04574         0    0.1039       247       416   0.04146    0.1364  0.008329  0.001281    0.1484    0.1345         0
    81/299        0G   0.04776   0.04831         0   0.09606       270       416   0.07646    0.1167   0.01452  0.002328    0.1433    0.1526         0
    82/299        0G   0.05479    0.0463         0    0.1011       118       416   0.09795    0.1472   0.02542  0.005449    0.1401    0.1735         0
    83/299        0G   0.05048   0.04966         0    0.1001       240       416    0.0635    0.1993   0.01424  0.002032    0.1431     0.161         0
    84/299        0G   0.04809   0.05015         0   0.09824       186       416   0.05048    0.1903   0.01616  0.003208    0.1412    0.1955         0
    85/299        0G   0.04382   0.04941         0   0.09323       176       416   0.05048    0.1903   0.01616  0.003208    0.1412    0.1955         0
    86/299        0G   0.05954   0.04403         0    0.1036       110       416    0.1196    0.1849   0.04396  0.008446    0.1428    0.2002         0
    87/299        0G   0.04391   0.05102         0   0.09493       415       416    0.1331    0.2047   0.04937  0.009682     0.144    0.1906         0
    88/299        0G   0.05621   0.04667         0    0.1029       350       416    0.1855    0.2621   0.09064   0.01769     0.137    0.1874         0
    89/299        0G    0.0541   0.04733         0    0.1014       383       416    0.1875    0.2747    0.1033   0.02203    0.1336    0.1818         0
    90/299        0G   0.05517   0.04391         0   0.09908       141       416    0.1875    0.2747    0.1033   0.02203    0.1336    0.1817         0
    91/299        0G   0.04648   0.04817         0   0.09465       313       416    0.2337    0.2693    0.1183   0.02655    0.1346    0.1773         0
    92/299        0G    0.0512   0.04655         0   0.09775        86       416    0.2574    0.2729     0.125   0.02769    0.1333    0.1766         0
    93/299        0G   0.04518   0.04256         0   0.08774       275       416    0.2717    0.3806    0.1703   0.03834     0.131    0.1736         0
    94/299        0G   0.04764   0.04836         0   0.09599       264       416    0.2092     0.377    0.1254   0.02475    0.1333    0.1713         0
    95/299        0G    0.0633   0.04465         0    0.1079       256       416    0.2092     0.377    0.1254   0.02475    0.1333    0.1713         0
    96/299        0G   0.05345   0.05077         0    0.1042       209       416    0.1886     0.377    0.1134   0.02125    0.1342    0.1697         0
    97/299        0G   0.05265   0.05179         0    0.1044       441       416    0.2558    0.2765    0.1367    0.0268    0.1336    0.1684         0
    98/299        0G   0.05494   0.04682         0    0.1018       257       416    0.1563    0.2908   0.08871   0.01721    0.1344    0.1662         0
    99/299        0G   0.05146   0.04322         0   0.09468       319       416    0.1048    0.2783   0.03805  0.007074    0.1354    0.1806         0
   100/299        0G   0.06535    0.0494         0    0.1147       274       416   0.09767    0.2711   0.04255  0.008284    0.1339    0.1793         0
   101/299        0G   0.06406   0.04285         0    0.1069       300       416   0.09767    0.2711   0.04255  0.008284    0.1339    0.1795         0
   102/299        0G   0.04996   0.04723         0   0.09719       311       416   0.09719     0.246   0.03484  0.007323    0.1339     0.175         0
   103/299        0G   0.04312   0.05017         0   0.09329       291       416    0.1048    0.2908   0.05073   0.01128     0.133    0.1732         0
   104/299        0G   0.06292   0.04214         0    0.1051       201       416    0.1237    0.2603    0.0626    0.0145    0.1325    0.1694         0
   105/299        0G   0.04257   0.04831         0   0.09088       309       416    0.2692    0.3501    0.1623   0.03504    0.1321    0.1681         0
   106/299        0G   0.04295   0.05147         0   0.09443       170       416    0.2692    0.3501    0.1623   0.03504    0.1321    0.1681         0
   107/299        0G   0.04151   0.04983         0   0.09134       316       416    0.3843    0.3501    0.2105    0.0444    0.1319    0.1713         0
   108/299        0G   0.05539   0.04436         0   0.09975       210       416    0.4499     0.307    0.2297   0.05583    0.1315    0.1744         0
   109/299        0G   0.04943   0.05707         0    0.1065       164       416    0.3473     0.325    0.2057   0.05198    0.1289    0.1965         0
   110/299        0G   0.04955   0.05175         0    0.1013       257       416    0.3427    0.2765    0.1709   0.04165    0.1386    0.2009         0
   111/299        0G   0.05002   0.05477         0    0.1048       209       416    0.3427    0.2765    0.1709   0.04165    0.1386    0.2008         0
   112/299        0G     0.049   0.05462         0    0.1036       197       416    0.2277    0.1921    0.1024   0.02205    0.1444    0.1849         0
   113/299        0G   0.05987   0.05574         0    0.1156       350       416    0.1701    0.1706   0.08689    0.0185     0.144    0.1883         0
   114/299        0G   0.04968   0.05017         0   0.09986       151       416    0.3509    0.2083    0.1498   0.03625    0.1394    0.2035         0
   115/299        0G   0.05178   0.05763         0    0.1094       118       416    0.3142    0.3134     0.177   0.04729    0.1302    0.2193         0
   116/299        0G   0.05389   0.05559         0    0.1095       255       416    0.4105    0.3034    0.2069   0.04852     0.126    0.2213         0
   117/299        0G   0.05035   0.05689         0    0.1072       312       416    0.4105    0.3034    0.2069   0.04852     0.126    0.2214         0
   118/299        0G   0.05104    0.0524         0    0.1034       271       416    0.3615    0.3339    0.2111    0.0494    0.1279    0.2122         0
   119/299        0G   0.04281   0.05523         0   0.09804        70       416    0.4386     0.307    0.2294   0.05348    0.1298    0.2081         0
   120/299        0G   0.05242   0.05065         0    0.1031       297       416    0.3901    0.3303    0.2163   0.04808    0.1295    0.2073         0
   121/299        0G   0.04314   0.05797         0    0.1011       303       416    0.4486    0.3052    0.2055   0.04357    0.1312    0.2062         0
   122/299        0G   0.04779   0.04757         0   0.09536       195       416    0.4486    0.3052    0.2055   0.04357    0.1312    0.2062         0
   123/299        0G   0.04219   0.05092         0   0.09312       303       416    0.3389    0.2908    0.1766   0.03628    0.1328    0.2037         0
   124/299        0G   0.04957   0.04905         0   0.09862       258       416    0.3755     0.228    0.1675   0.03637    0.1326    0.2132         0
   125/299        0G   0.04305   0.04239         0   0.08544       274       416    0.2738     0.316    0.1632   0.03431    0.1304    0.2244         0
   126/299        0G   0.04982    0.0467         0   0.09652       281       416    0.2641    0.3016    0.1439   0.03163    0.1302     0.225         0
   127/299        0G   0.04625   0.05335         0   0.09961       148       416    0.2641    0.3016    0.1439   0.03163    0.1302     0.225         0
   128/299        0G   0.05397   0.05762         0    0.1116       507       416    0.2369     0.316    0.1346     0.033    0.1305    0.2272         0
   129/299        0G   0.04462   0.05162         0   0.09624       244       416     0.278    0.2675    0.1408    0.0325    0.1295    0.2289         0
   130/299        0G   0.05169   0.06298         0    0.1147       251       416    0.1688    0.1852   0.08519   0.02103     0.136    0.2012         0
   131/299        0G   0.04978   0.05603         0    0.1058       194       416    0.1165    0.2438   0.06198   0.01403    0.1372    0.2188         0
   132/299        0G   0.04714   0.04781         0   0.09496       355       416    0.1052     0.298   0.05366   0.01243    0.1333    0.2259         0
   133/299        0G      0.05   0.04595         0   0.09595       300       416    0.1052     0.298   0.05366   0.01243    0.1333    0.2259         0
   134/299        0G   0.04262   0.05072         0   0.09334       247       416    0.2254    0.1544   0.07655   0.01782    0.1329    0.2259         0
   135/299        0G   0.04878   0.05345         0    0.1022       114       416    0.1837    0.2136   0.08378   0.01756     0.133    0.2221         0
   136/299        0G   0.04686   0.04898         0   0.09584       267       416     0.184    0.2136   0.06938   0.01287    0.1318    0.2248         0
   137/299        0G   0.04878   0.05083         0   0.09961       509       416    0.1453     0.246   0.05786   0.01132    0.1313    0.2186         0
   138/299        0G   0.04656   0.04349         0   0.09005       208       416    0.1453     0.246   0.05786   0.01132    0.1313    0.2185         0
   139/299        0G   0.04688   0.05206         0   0.09894       205       416    0.1381     0.298   0.06064    0.0126    0.1311    0.2135         0
   140/299        0G   0.05527   0.04658         0    0.1018       477       416    0.1436     0.298   0.06123   0.01252    0.1328    0.2132         0
   141/299        0G   0.05247   0.04197         0   0.09444       206       416    0.1663    0.2765   0.07678   0.01601    0.1281    0.2141         0
   142/299        0G   0.04794   0.05462         0    0.1026       190       416    0.1921    0.2388   0.07199   0.01564    0.1265    0.2273         0
   143/299        0G   0.04438    0.0573         0    0.1017       358       416    0.1921    0.2388   0.07199   0.01564    0.1265    0.2273         0
   144/299        0G   0.05418    0.0494         0    0.1036       404       416    0.2015    0.2496   0.07969   0.01812    0.1259    0.2276         0
   145/299        0G    0.0532   0.05303         0    0.1062       280       416    0.1896    0.2244   0.07407   0.01739    0.1257    0.2291         0
   146/299        0G   0.04707   0.05597         0     0.103       157       416    0.1964    0.2262   0.07268   0.01615    0.1251    0.2337         0
   147/299        0G   0.04719   0.05285         0       0.1       473       416    0.1784    0.2316   0.06999   0.01491    0.1244    0.2408         0
   148/299        0G   0.04966   0.05468         0    0.1043       202       416    0.2618     0.163   0.06776   0.01556    0.1227    0.2552         0
   149/299        0G   0.04735   0.05918         0    0.1065       309       416    0.2618     0.163   0.06776   0.01556    0.1227    0.2552         0
   150/299        0G   0.04855   0.05394         0    0.1025       307       416    0.2476    0.1634   0.06471   0.01542    0.1219    0.2614         0
   151/299        0G   0.05931   0.06259         0    0.1219       467       416    0.1748    0.1957   0.05968   0.01411    0.1214    0.2662         0
   152/299        0G   0.04715   0.06057         0    0.1077       199       416    0.2149    0.1706    0.0581   0.01337    0.1214    0.2668         0
   153/299        0G   0.04583     0.046         0   0.09183       267       416    0.2426    0.1795   0.06923   0.01614     0.122    0.2629         0
   154/299        0G   0.04816   0.05578         0    0.1039       277       416    0.2426    0.1795   0.06923   0.01614     0.122    0.2629         0
   155/299        0G   0.04867   0.05631         0     0.105       360       416    0.2352    0.1673   0.06127    0.0139    0.1221    0.2649         0
   156/299        0G   0.05402   0.05769         0    0.1117       249       416    0.2034    0.1759    0.0537   0.01235    0.1227    0.2617         0
   157/299        0G   0.05417   0.05695         0    0.1111        96       416    0.2235    0.1741      0.06   0.01518    0.1229    0.2572         0
   158/299        0G   0.04688   0.05712         0     0.104       334       416    0.2149    0.1724   0.06055   0.01588    0.1234    0.2554         0
   159/299        0G   0.04796   0.06287         0    0.1108       276       416    0.2149    0.1724   0.06055   0.01588    0.1234    0.2554         0
   160/299        0G   0.05035   0.05649         0    0.1068       342       416    0.2171    0.1706   0.06341   0.01791    0.1235    0.2548         0
   161/299        0G   0.04848   0.05672         0    0.1052       292       416     0.182    0.1858   0.06438   0.01771     0.124    0.2543         0
   162/299        0G   0.05442   0.05577         0    0.1102       279       416     0.197    0.1652   0.06136   0.01565    0.1251    0.2516         0
   163/299        0G   0.04454   0.06345         0     0.108       259       416     0.172    0.1544   0.05704   0.01316    0.1245    0.2539         0
   164/299        0G   0.04813   0.05753         0    0.1057       151       416    0.1713    0.1724   0.05849   0.01434    0.1245    0.2544         0
   165/299        0G   0.04753   0.06855         0    0.1161       338       416    0.1713    0.1724   0.05849   0.01434    0.1245    0.2544         0
   166/299        0G   0.04739   0.05257         0   0.09997       122       416    0.1672     0.173   0.06247   0.01606    0.1247    0.2527         0
   167/299        0G    0.0464   0.05415         0    0.1005       135       416    0.1078    0.2226   0.04865   0.01351    0.1244    0.2527         0
   168/299        0G    0.0493   0.05793         0    0.1072       338       416    0.1438    0.1364   0.04397   0.01155    0.1247    0.2527         0
   169/299        0G   0.04434   0.06222         0    0.1066       272       416   0.09694    0.1831   0.03817   0.01046    0.1247    0.2525         0
   170/299        0G   0.05304    0.0495         0    0.1025       306       416   0.09694    0.1831   0.03817   0.01046    0.1247    0.2522         0
   171/299        0G     0.049   0.05253         0    0.1015       575       416    0.1181    0.1562   0.04079   0.01109    0.1246    0.2513         0
   172/299        0G   0.05526   0.06265         0    0.1179       599       416   0.09695    0.2118   0.03954   0.01045    0.1244    0.2521         0
   173/299        0G   0.04684   0.05648         0    0.1033       297       416   0.09735    0.2029   0.04076   0.01093    0.1239    0.2538         0
   174/299        0G   0.05072   0.05974         0    0.1105       270       416    0.1111    0.2065   0.04654   0.01211    0.1238    0.2553         0
   175/299        0G   0.04568   0.05862         0    0.1043       264       416    0.1111    0.2065   0.04654   0.01211    0.1238    0.2555         0
   176/299        0G   0.05226   0.05995         0    0.1122       323       416    0.1069    0.2033   0.04485   0.01207    0.1241    0.2551         0
   177/299        0G   0.05237   0.05952         0    0.1119       263       416    0.1085    0.2316   0.04883   0.01233    0.1228    0.2576         0
   178/299        0G   0.05394    0.0521         0     0.106       241       416     0.101    0.2424   0.04769   0.01177    0.1236    0.2562         0
   179/299        0G   0.05218   0.04958         0    0.1018       396       416    0.1043    0.2513    0.0544   0.01395    0.1238    0.2548         0
   180/299        0G   0.05836    0.0537         0    0.1121       126       416    0.1043    0.2478   0.05451   0.01312    0.1242    0.2537         0
   181/299        0G   0.05512   0.04839         0    0.1035       234       416    0.1043    0.2478   0.05451   0.01312    0.1242    0.2537         0
   182/299        0G   0.05144   0.05714         0    0.1086       199       416    0.1095    0.2621   0.06364   0.01411    0.1249    0.2517         0
   183/299        0G   0.05344   0.06123         0    0.1147       419       416    0.1198    0.2531   0.06951   0.01572    0.1258    0.2481         0
   184/299        0G   0.05013   0.06087         0     0.111       209       416    0.1245    0.2675   0.07955   0.01857    0.1256    0.2459         0
   185/299        0G   0.04599   0.05248         0   0.09846       141       416    0.1166    0.2693    0.0668    0.0163    0.1256    0.2468         0
   186/299        0G   0.04349   0.05698         0    0.1005       345       416    0.1166    0.2693    0.0668    0.0163    0.1256    0.2467         0
   187/299        0G   0.05235    0.0598         0    0.1122       224       416    0.1157    0.2801   0.06298     0.014    0.1254     0.246         0
   188/299        0G   0.05527   0.05628         0    0.1116       262       416    0.1142    0.2801   0.06571   0.01487    0.1238    0.2477         0
   189/299        0G   0.05354   0.05611         0    0.1097       249       416    0.1236    0.2496   0.06001   0.01349    0.1241    0.2459         0
   190/299        0G   0.05104     0.061         0     0.112       300       416    0.1221    0.2567   0.06711   0.01574     0.124    0.2412         0
   191/299        0G   0.04746   0.05452         0     0.102       185       416    0.1221    0.2567   0.06711   0.01574     0.124     0.241         0
   192/299        0G   0.04751   0.04477         0   0.09228       132       416    0.1162    0.2549   0.05374   0.01263    0.1243    0.2384         0
   193/299        0G   0.04432   0.05586         0    0.1002       305       416    0.1203    0.2478   0.05746   0.01334    0.1247    0.2346         0
   194/299        0G   0.04843   0.05132         0   0.09975       227       416    0.1203     0.237    0.0552   0.01313    0.1242    0.2341         0
   195/299        0G   0.05197   0.05338         0    0.1053       453       416    0.1268    0.2424   0.05961   0.01335    0.1235     0.235         0
   196/299        0G    0.0462   0.05403         0    0.1002       285       416    0.1241    0.2262   0.05934    0.0144    0.1233    0.2377         0
   197/299        0G   0.04962   0.05441         0     0.104       287       416    0.1241    0.2262   0.05934    0.0144    0.1233    0.2377         0
   198/299        0G   0.05626   0.05645         0    0.1127       124       416    0.1361    0.2226   0.06225    0.0146    0.1227    0.2402         0
   199/299        0G   0.04667    0.0546         0    0.1013       250       416    0.1401    0.2208   0.06849   0.01638    0.1225    0.2415         0
   200/299        0G    0.0506   0.05639         0     0.107       465       416    0.1874     0.149   0.06527   0.01462    0.1224    0.2438         0
   201/299        0G   0.05382   0.05803         0    0.1118       255       416    0.1143    0.2406   0.05551   0.01299    0.1223    0.2452         0
   202/299        0G   0.05031   0.06101         0    0.1113       137       416    0.1143    0.2406   0.05551   0.01299    0.1223    0.2453         0
   203/299        0G   0.04959   0.05338         0     0.103       329       416    0.1347    0.1652   0.04527   0.01002    0.1222    0.2496         0
   204/299        0G   0.04953   0.05941         0    0.1089       407       416    0.1446    0.1697   0.05406   0.01224    0.1224     0.248         0
   205/299        0G   0.04507   0.05262         0   0.09769       206       416    0.1543    0.1867   0.06759   0.01547    0.1226    0.2458         0
   206/299        0G   0.05221   0.05619         0    0.1084       119       416    0.1841    0.1508   0.06053   0.01503    0.1228    0.2447         0
   207/299        0G   0.04688   0.05611         0     0.103       282       416    0.1841    0.1508   0.06053   0.01503    0.1228    0.2447         0
   208/299        0G   0.04901   0.06161         0    0.1106       206       416     0.123    0.2657   0.06619   0.01549    0.1229    0.2427         0
   209/299        0G   0.05243   0.06232         0    0.1148       291       416    0.1162    0.2747   0.06244   0.01452    0.1229    0.2429         0
   210/299        0G    0.0475   0.05513         0    0.1026       162       416    0.1114    0.2657   0.05735   0.01288    0.1227    0.2463         0
   211/299        0G   0.04993   0.05762         0    0.1076        92       416    0.1065    0.2621   0.05585   0.01421    0.1228    0.2474         0
   212/299        0G   0.05197   0.05585         0    0.1078       410       416    0.1046    0.2334   0.05215   0.01349    0.1227    0.2478         0
   213/299        0G   0.05235   0.04871         0    0.1011       183       416    0.1046    0.2334   0.05215   0.01349    0.1227    0.2479         0
   214/299        0G   0.05429   0.05691         0    0.1112       189       416    0.1339    0.1688   0.05614   0.01398    0.1227    0.2471         0
   215/299        0G   0.04347   0.06172         0    0.1052       304       416    0.1458    0.1706    0.0589   0.01351    0.1226    0.2475         0
   216/299        0G    0.0461   0.05313         0   0.09923       284       416    0.1475    0.1688    0.0586   0.01381    0.1228    0.2461         0
   217/299        0G   0.04786   0.06199         0    0.1099       282       416    0.1342    0.1706   0.05402   0.01268    0.1228    0.2448         0
   218/299        0G   0.04691   0.06068         0    0.1076       259       416    0.1342    0.1706   0.05402   0.01268    0.1228    0.2448         0
   219/299        0G    0.0513   0.05343         0    0.1047       299       416     0.132    0.1598   0.05096   0.01221    0.1229    0.2422         0
   220/299        0G   0.05099   0.06696         0    0.1179       266       416    0.1284    0.1634   0.05051   0.01215     0.123    0.2407         0
   221/299        0G   0.04919   0.06029         0    0.1095       338       416    0.1323    0.1598   0.04997   0.01199    0.1231      0.24         0
   222/299        0G   0.04724   0.05894         0    0.1062       124       416    0.1274    0.1616   0.05017   0.01141     0.123    0.2419         0
   223/299        0G   0.05101   0.05882         0    0.1098       151       416    0.1274    0.1616   0.05017   0.01141     0.123    0.2419         0
   224/299        0G   0.05055   0.05262         0    0.1032       232       416    0.1314    0.1562   0.05066   0.01158    0.1231    0.2427         0
   225/299        0G   0.04887   0.05216         0     0.101       354       416    0.1115    0.2531    0.0593   0.01415    0.1229    0.2421         0
   226/299        0G   0.04699   0.05611         0    0.1031       293       416    0.1153    0.2621   0.06301   0.01498    0.1229    0.2436         0
   227/299        0G   0.05077   0.04888         0   0.09965       412       416    0.1203    0.3034    0.0745   0.01732    0.1229    0.2431         0
   228/299        0G   0.05304   0.06377         0    0.1168       345       416    0.1613    0.1993   0.07578   0.01815    0.1226    0.2453         0
   229/299        0G   0.04754   0.05943         0     0.107       379       416    0.1613    0.1993   0.07578   0.01815    0.1226    0.2453         0
   230/299        0G   0.05952   0.05594         0    0.1155       375       416     0.157    0.2101   0.07593   0.01915    0.1223     0.248         0
   231/299        0G   0.04658   0.06224         0    0.1088       194       416    0.1273    0.3088    0.0714     0.018    0.1222    0.2494         0
   232/299        0G   0.04604   0.05306         0    0.0991       229       416     0.125    0.3196   0.06889   0.01639     0.122    0.2525         0
   233/299        0G   0.06519    0.0543         0    0.1195       407       416    0.1299    0.3232   0.07191   0.01795    0.1218    0.2509         0
   234/299        0G   0.04992   0.05784         0    0.1078       449       416    0.1299    0.3232   0.07191   0.01795    0.1218    0.2509         0
   235/299        0G   0.05301   0.06083         0    0.1138       408       416    0.1299    0.3221   0.07937    0.0192    0.1218    0.2486         0
   236/299        0G   0.05229   0.05202         0    0.1043       256       416    0.1389    0.3034   0.08163     0.019    0.1217    0.2502         0
   237/299        0G   0.04899   0.06023         0    0.1092       339       416     0.134    0.3501   0.08641   0.01967    0.1219    0.2468         0
   238/299        0G   0.05307   0.05917         0    0.1122       228       416    0.1923    0.2133   0.09382   0.02144    0.1222    0.2424         0
   239/299        0G   0.05182   0.05466         0    0.1065        90       416    0.1923    0.2133   0.09382   0.02144    0.1222    0.2424         0
   240/299        0G   0.04977   0.06689         0    0.1167       329       416    0.2093    0.1863   0.08621   0.01845    0.1222     0.243         0
   241/299        0G   0.04538    0.0535         0   0.09888       295       416    0.1383    0.3124    0.0785   0.01741    0.1221    0.2456         0
   242/299        0G   0.04813   0.05234         0    0.1005       384       416     0.139    0.3429   0.07856   0.01812    0.1221    0.2471         0
   243/299        0G    0.0495    0.0606         0    0.1101       121       416    0.1437    0.3555   0.09351   0.02148    0.1222    0.2434         0
   244/299        0G   0.05253   0.05594         0    0.1085       229       416    0.1467    0.3609   0.09761   0.02321    0.1221    0.2421         0
   245/299        0G   0.04635   0.06055         0    0.1069       278       416    0.1467    0.3609   0.09761   0.02321    0.1221    0.2422         0
   246/299        0G   0.04819   0.05614         0    0.1043       338       416    0.1491    0.3465   0.09319   0.02207    0.1222    0.2415         0
   247/299        0G    0.0515   0.05838         0    0.1099       168       416    0.1399    0.3734   0.09064   0.02294    0.1223    0.2389         0
   248/299        0G   0.04963    0.0581         0    0.1077       319       416    0.1382    0.3447   0.08295   0.02032    0.1225    0.2373         0
   249/299        0G   0.05151   0.05972         0    0.1112       442       416    0.1398     0.386   0.09074   0.02192    0.1225    0.2369         0
   250/299        0G   0.04837   0.05739         0    0.1058       228       416    0.1398     0.386   0.09074   0.02192    0.1225    0.2369         0
   251/299        0G   0.04534   0.06513         0    0.1105       188       416    0.1443    0.3411   0.08626   0.02155    0.1227    0.2374         0
   252/299        0G   0.05206   0.05278         0    0.1048       389       416    0.1417     0.386   0.09244    0.0238    0.1228    0.2369         0
   253/299        0G   0.04719   0.06612         0    0.1133       271       416    0.1481    0.3778     0.102   0.02607     0.123    0.2342         0
   254/299        0G   0.04625   0.06203         0    0.1083       131       416    0.1476    0.3537   0.09179   0.02358     0.123     0.236         0
   255/299        0G   0.05366   0.05245         0    0.1061       290       416    0.1476    0.3537   0.09179   0.02358     0.123    0.2359         0
   256/299        0G    0.0428    0.0539         0    0.0967       277       416    0.1512    0.3645   0.09614   0.02464    0.1229    0.2342         0
   257/299        0G   0.05024   0.05481         0    0.1051       494       416    0.1528     0.368    0.1027   0.02609    0.1229    0.2331         0
   258/299        0G   0.04492   0.05558         0    0.1005       350       416    0.1516    0.3501    0.1001    0.0268    0.1229     0.234         0
   259/299        0G   0.04755   0.05432         0    0.1019       148       416     0.154    0.3573     0.107   0.02909    0.1229    0.2323         0
   260/299        0G   0.04669   0.05029         0   0.09698       151       416    0.1551    0.3662    0.1085   0.02834    0.1231    0.2325         0
   261/299        0G   0.05483   0.04854         0    0.1034       257       416    0.1551    0.3662    0.1085   0.02834    0.1231    0.2324         0
   262/299        0G   0.05236   0.06151         0    0.1139       329       416    0.1525    0.3609     0.109   0.02737    0.1229    0.2342         0
   263/299        0G   0.04415   0.04873         0   0.09289       118       416    0.1534    0.3475    0.1034   0.02677     0.123    0.2362         0
   264/299        0G   0.04724   0.05932         0    0.1066       102       416    0.1534    0.3645    0.1134   0.02913    0.1229    0.2358         0
   265/299        0G   0.05175   0.05374         0    0.1055       369       416    0.1536    0.3645    0.1174   0.03037    0.1228    0.2343         0
   266/299        0G   0.04906    0.0574         0    0.1065       183       416    0.1536    0.3645    0.1174   0.03037    0.1228    0.2343         0
   267/299        0G   0.04659   0.05795         0    0.1045       118       416    0.1491    0.3698    0.1081    0.0277    0.1226    0.2373         0
   268/299        0G   0.05064   0.06386         0    0.1145       204       416    0.1524    0.3698    0.1099   0.02819    0.1226    0.2388         0
   269/299        0G    0.0559   0.05315         0     0.109       350       416    0.1529    0.3627    0.1105   0.02846    0.1223    0.2386         0
   270/299        0G   0.04952   0.06902         0    0.1185       211       416    0.1544    0.3645    0.1179   0.02966    0.1219    0.2377         0
   271/299        0G   0.04789   0.05415         0     0.102       375       416    0.1544    0.3645    0.1179   0.02966    0.1219    0.2377         0
   272/299        0G   0.04619   0.05463         0    0.1008       208       416     0.153    0.3604    0.1074   0.02758    0.1217    0.2403         0
   273/299        0G   0.04599   0.06493         0    0.1109       311       416    0.1891    0.2621     0.108   0.02763    0.1219    0.2394         0
   274/299        0G   0.05061   0.05941         0      0.11       326       416    0.1918    0.2837    0.1195   0.03069    0.1214    0.2391         0
   275/299        0G   0.04393   0.05935         0    0.1033       502       416    0.1907    0.2855    0.1261   0.03189    0.1214    0.2375         0
   276/299        0G    0.0482   0.06079         0     0.109       208       416     0.182    0.2998     0.125   0.03149    0.1215    0.2356         0
   277/299        0G   0.05099   0.05526         0    0.1062       168       416     0.182    0.2998     0.125   0.03149    0.1215    0.2356         0
   278/299        0G   0.04571   0.05921         0    0.1049       184       416    0.1713    0.2992      0.12   0.03062    0.1214    0.2367         0
   279/299        0G   0.04445    0.0625         0    0.1069       381       416    0.1705    0.2765    0.1159   0.02902    0.1214    0.2373         0
   280/299        0G   0.04483    0.0652         0      0.11       464       416    0.1658    0.2765    0.1111   0.02905    0.1215    0.2366         0
   281/299        0G   0.05141   0.06163         0     0.113       280       416    0.1674    0.2783     0.113   0.02826    0.1215    0.2346         0
   282/299        0G    0.0454   0.05773         0    0.1031       382       416    0.1674    0.2783     0.113   0.02826    0.1215    0.2346         0
   283/299        0G   0.05112   0.05419         0    0.1053       219       416    0.1611    0.2837    0.1105   0.02808    0.1216    0.2343         0
   284/299        0G   0.04991   0.06089         0    0.1108       381       416    0.1873    0.2205    0.1032   0.02671    0.1215    0.2337         0
   285/299        0G   0.05542   0.05688         0    0.1123       180       416    0.1676    0.2567    0.1064   0.02691    0.1216    0.2329         0
   286/299        0G   0.04942   0.05575         0    0.1052       290       416     0.137    0.3429   0.09916   0.02509    0.1215    0.2351         0
   287/299        0G    0.0479   0.05378         0    0.1017       228       416     0.137    0.3429   0.09916   0.02509    0.1215    0.2351         0
   288/299        0G   0.04097   0.06718         0    0.1081       387       416    0.1555    0.2819    0.1043   0.02598    0.1214    0.2348         0
   289/299        0G   0.04623   0.05696         0    0.1032       539       416    0.1401    0.3393   0.09886   0.02562    0.1215    0.2369         0
   290/299        0G     0.052   0.05321         0    0.1052       203       416     0.143    0.3411    0.1011   0.02594    0.1215    0.2367         0
   291/299        0G   0.04733   0.05766         0     0.105        93       416    0.1476    0.3465    0.1079   0.02733    0.1215    0.2374         0
   292/299        0G   0.04713   0.06432         0    0.1114       272       416    0.1512    0.3393    0.1117   0.02767    0.1215    0.2381         0
   293/299        0G   0.05649   0.05096         0    0.1074       188       416    0.1512    0.3393    0.1117   0.02767    0.1215    0.2381         0
   294/299        0G   0.04803   0.04933         0   0.09736       232       416    0.1431    0.3285    0.1018   0.02457    0.1214    0.2401         0
   295/299        0G   0.04677   0.06397         0    0.1107       147       416    0.1935     0.219    0.1076   0.02493    0.1216    0.2402         0
   296/299        0G   0.04568   0.06031         0     0.106       107       416    0.2038    0.2065     0.108   0.02565    0.1213    0.2393         0
   297/299        0G   0.04559   0.05221         0    0.0978       157       416    0.1751     0.228    0.1025   0.02373    0.1212    0.2422         0
   298/299        0G   0.05647   0.05861         0    0.1151       162       416    0.1751     0.228    0.1025   0.02373    0.1212    0.2422         0
   299/299        0G   0.04957    0.0603         0    0.1099       424       416    0.2013    0.1993    0.1005   0.02422    0.1215    0.2413         0
